-20.93892850499 -21.3348283406 -21.79569812506 -22.41895926328 -23.06269414428 -23.72606880661 -24.40825743213 -25.10843525975 -25.82577529591 -26.55944816527 -27.30862439387 -28.07247840059 -28.8501935041 -29.64096733052 -30.54062147913 -31.54870722945 -32.58291613901 -33.64240868535 -34.72608194002
-20.61404757225 -21.19376432185 -21.74525698126 -22.16908872356 -22.6052773118 -23.0528504132 -23.51090557067 -24.23189529554 -25.05419813419 -25.90228700464 -26.77651382528 -27.67723265667 -28.60474051624 -29.55920993416 -30.44401711828 -31.25858454506 -32.08393982928 -33.21066599007 -34.35431029553
-20.2644920909 -20.38250397766 -20.50776396121 -21.19583400807 -21.91710335648 -22.66351709472 -23.43507531942 -23.97860685112 -24.45518172799 -24.99323305458 -25.76835383322 -26.74440974246 -27.76862245381 -28.81603515535 -29.88525365188 -30.97494184531 -32.08382045588 -32.91938497422 -33.7642561168
-19.33922990675 -19.82936162538 -20.49983437787 -20.72313356247 -21.3835685082 -22.06606111459 -22.76946359384 -23.49259405161 -24.23425133247 -24.99323305458 -25.76835383322 -26.55846159241 -27.36245077588 -28.17927202828 -29.00793845426 -29.84752887953 -30.69718867766 -31.55612874554 -32.4236231582
-19.33922990675 -19.7398953452 -20.1564915663 -20.72313356247 -21.3835685082 -22.06606111459 -22.76946359384 -23.49259405161 -24.23425133247 -24.93991795539 -25.74484986337 -26.55846159241 -27.36245077588 -28.17927202828 -29.00793845426 -29.84752887953 -30.69718867766 -31.55612874554 -32.4236231582
-19.18481214843 -19.7398953452 -20.1564915663 -20.63945892035 -21.0320182394 -21.48847054951 -22.02394453859 -22.90940916425 -23.82577529591 -24.77145224931 -25.43216033386 -25.93130735416 -26.43680775244 -26.98137955763 -27.81241363877 -28.65292525528 -29.50230526698 -30.35997974338 -31.22540911185
-19.16985196226 -19.48992261558 -20.08586195436 -20.58762866878 -21.0320182394 -21.48847054951 -21.96150079967 -22.59269794302 -23.2468843007 -23.92354155924 -24.62202022287 -25.3503609799 -26.16046809773 -26.94815703136 -27.61628849779 -28.4095006998 -29.21817444731 -30.04109698378 -30.91886191416
-19.16985196226 -19.48992261558 -20.08586195436 -20.58762866878 -20.77687838838 -21.3537094637 -21.96150079967 -22.59269794302 -23.2468843007 -23.92354155924 -24.62202022287 -25.34152639512 -26.08112568523 -26.83976222248 -27.61628849779 -28.4095006998 -29.21817444731 -30.04109698378 -30.87709345433
-18.88505089717 -19.47281990597 -19.82905957614 -20.20976258942 -20.76968098076 -21.3537094637 -21.95589203319 -22.43328214649 -22.99225069076 -23.76547469773 -24.55177732611 -25.34152639512 -26.08112568522 -26.83976222248 -27.464894006 -28.2746638195 -29.14846061884 -30.03008176192 -30.87709345433
-18.88505089717 -19.47281990597 -19.82905957614 -20.20976258942 -20.76968098076 -21.17092371623 -21.95589203319 -22.43328214649 -22.91972932229 -23.41440607649 -24.05311742394 -24.87428995337 -25.70822015491 -26.55363793992 -27.40944044946 -27.98659742845 -28.55034549998 -29.39966629835 -30.25887357104
