-0.2857142857143 -0.2857142857143 -0.1428571428571 -0.1428571428571 -0.1428571428571 -0.1428571428571 -0.1428571428571 -0.1428571428572 -0.1428571428572 -0.1428571428572 -0.1428571428571 -0.1428571428571 -0.1428571428572 -0.1428571428571 -1.312838726619e-14 6.245004513517e-16 -7.924216838262e-15 2.289834988289e-14 -1.20736753928e-14
-0.1428571428571 -0.1428571428571 -0.2857142857143 -0.2857142857143 -0.2857142857143 -0.2857142857143 -0.2857142857143 -4.668487818549e-14 -1.124100812433e-15 -3.275157922644e-15 -1.404432126151e-14 5.877243136609e-14 -2.117750419472e-14 -7.313594174718e-15 -0.1428571428571 -0.1428571428571 -0.1428571428572 -2.231548279497e-14 1.200428645376e-14
-0.4285714285714 -0.4285714285714 -0.4285714285714 -8.326672684689e-16 8.520961713998e-15 -5.20417042793e-15 -6.938893903907e-16 -0.2857142857143 -0.2857142857143 -0.1591496417519 -0.1267698037332 -5.417888360171e-14 2.367550600013e-14 1.076916333886e-14 1.222633105868e-14 -2.831068712794e-15 7.65359997601e-15 -0.1428571428572 -0.1428571428572
-0.2843339604922 3.191891195797e-16 3.885780586188e-16 -0.1520469872134 -0.1315995890072 -0.1559404121802 -0.1283236657881 -0.1584127999103 -0.1589949311362 -0.1265646439623 -0.1589444819811 -0.1583755815806 -0.1646943603997 -0.1683135868126 -0.1780079800002 -0.139923271229 -0.133811458287 -0.1238607803172 -0.1365364819361
-0.2870946109364 -0.2880161140222 -0.2889779537353 -0.1336672985009 -0.1541146967071 -0.1297738735341 -0.1573906199261 -0.127301485804 -0.126719354578 -0.2857142857143 1.557087792037e-14 -0.1273387041337 -0.1210199253146 -0.1174006989018 -0.1077063057141 -0.1457910144853 -0.1519028274273 -0.161853505397 -0.1491778037782
5.551115123126e-17 -0.2834124574063 -0.2824506176933 -0.4285714285714 -0.280324670592 -0.2792317452119 9.575673587392e-16 4.4048098502e-14 2.85882428841e-15 3.191891195797e-15 -0.2857142857143 -0.2857142857143 -0.2857142857143 -2.775557561563e-17 5.911937606129e-15 7.49400541622e-16 -7.480127628412e-15 2.667310816662e-14 -6.827871601445e-15
-0.2849368269805 -0.2841873999684 -0.1358689038214 -0.2814054825183 -0.2911039008366 -0.2921968262167 -0.1538177690973 -0.1554615020867 -0.157096394783 -0.1270244190845 -0.1254786947658 3.885780586188e-15 1.276756478319e-15 -0.2857142857143 -0.1652985861921 -0.1662903847382 -0.1186496849322 -0.117959427234 -0.1428571428579
-0.286491744448 -0.2872411714602 -0.1498453818929 -0.2900230889103 -0.4285714285714 -0.1335255124754 -0.131896516617 -0.1302527836276 -0.1286178909313 -0.1586898666299 -0.1602355909484 -0.161667319285 -0.1630041546093 -0.1214927039231 -0.1204156995222 -0.1194239009761 -0.1670646007821 -0.1677548584807 -0.117385829841
-0.1400087344592 -0.1476780997502 -0.2832159186074 -0.1366457892122 -0.1351643973934 -0.1521887732389 -0.2932675357544 -0.2770676788042 4.704570066849e-15 1.901256929671e-15 -1.387778780781e-15 -0.1240469664294 -0.122710131105 -0.1642215817911 -0.2857142857143 -0.1428571428571 -0.1428571428571 -0.1428571428568 -0.1683284558725
-0.145705551255 -0.1380361859641 -0.2882126528212 -0.1490684965021 -0.1505498883208 5.578870698741e-15 -0.2781610356741 -0.2943608926243 -0.2953801518876 -0.2963760843841 -0.1428571428571 -0.1428571428571 -0.1428571428571 -0.1428571428572 -0.1428571428571 -0.2857142857143 2.405020627094e-14 6.519784712111e-14 -2.428335310611e-13
