-0.5023313445158 -0.5263470024538 -0.5503555435962 -0.574143515694 -0.4376689212397 -0.4709442606335 -0.5048779799257 -0.5389548238671 -0.5726457421399 -0.6054496243578 -0.6369301989225 -0.6667420293455 -0.6946427093728 -0.7204918482998 -0.7442399897857 -0.7659116603562 -0.7855864726658 -0.8033811796307 -0.8194343621944
-0.2091395931059 -0.3459878969944 -0.374860497473 -0.4055143822256 -0.5975140302873 -0.6202935330945 -0.6423360773054 -0.6635252220054 -0.170883193327 -0.2065192682986 -0.2500040555399 -0.3010710500729 -0.3584626242667 6.793177131925e-15 -2.550737399076e-14 -1.659609949467e-14 -1.797000048764e-14 -2.223915496202e-15 -6.560377241449e-14
-0.5822295035114 -0.2158764019411 -0.2256599804203 -0.2385546843109 -0.09344750385877 -0.1048863551019 -0.1209721034098 -0.1426472291569 -0.6837739146919 -0.7030228320871 4.15639744844e-15 1.074834665715e-14 3.152339500545e-14 -0.4198871186587 -0.4823490993435 -0.5427874142062 -0.5987331024503 -0.6486855683327 -0.6921157912308
-0.3190746885909 -0.07933064319675 -0.08130634516091 -0.08582118993272 -0.2545755058178 -0.2736786598912 -0.2957516633312 5.787037515859e-15 7.965850201685e-15 9.735268147182e-15 -0.7212376701837 -0.7384058270819 -0.7545328423426 -2.565309076275e-14 5.287437154777e-15 3.419486915845e-14 1.061650767298e-14 -9.374445664179e-15 -9.131584377542e-15
-0.3678932948881 -0.597206048958 -0.6123315099244 -0.6275179416078 2.622901895677e-15 1.281613704052e-14 -4.026987077133e-14 -0.3206046784725 -0.3479652474694 -0.3774786044649 -8.201772594418e-15 -3.289035710452e-15 -2.789435349371e-15 -0.7696388673092 -0.7837553562712 -2.555941569504e-14 7.61890550649e-15 6.885117476152e-15 8.033591153422e-14
-0.07943252554108 -0.3770573180702 -0.3883248801931 1.498801083244e-15 -0.642675399378 -9.5895513752e-15 3.846922780326e-14 -7.840950111415e-15 -1.043609643148e-14 -1.031119634121e-14 -0.4087153345494 -0.4411871524279 -3.041664142778e-14 1.831347573589e-14 2.089300954466e-14 -0.7969220957332 -0.809184631152 -0.6897378601541 -0.7188919181289
-0.3502238441436 -0.3692392725435 -3.608224830032e-16 -0.4016010215572 5.134781488891e-16 -0.1078992963495 -0.1121137419402 -0.122462066957 -0.1420669277931 -0.1750769716836 -0.2259419079594 -9.69710423071e-15 -0.4743700969208 -0.4700904441627 -0.5467334589159 -0.6072948930362 -0.6536504704663 -0.8205921073108 -0.8311955085308
-0.6153353804189 4.163336342344e-17 -0.3922163896635 -2.386979502944e-15 -0.1076602389758 -0.6577157528518 -0.1146466565247 -0.1952938233927 5.169475958411e-16 1.283695372223e-15 2.955968803064e-15 -0.2967037373999 -0.3824041633532 -0.5077328154575 0.01650829730076 0.07885096551029 0.133201718818 0.1758580631171 0.2029141211211
-0.2647231020286 -0.2771997325751 -0.1140433066527 -0.109988045153 -0.4167707520401 -0.4808114768746 -0.6725558822271 4.31599200823e-15 -0.341886957346 -0.2962893376428 -0.2397746770749 -0.1804391738933 -0.116661539003 -0.049950414421 -0.5407663403256 -0.5730112901054 0.7855864726658 0.8033811796307 0.8194343621944
-0.4448569004739 -0.3643676310119 1.498801083244e-15 -0.4188414629755 -0.4486078418528 -0.09230219647979 -0.514581167541 -0.1646204240988 -0.003080118190454 -0.02764767863742 -0.05927913176474 -0.2822784771691 -0.2007159471868 -0.1125344330894 -0.03647326261804 0.7659116603562 -0.604078957634 -8.618106228653e-15 -9.00321484032e-15
